ignore,H,X,A,prop_H,prop_X,prop_A,H_DNB,A_DNB,H_DNB_prob,A_DNB_prob,max_prob
0,2.14,3.08,4.24,0.45464419997214867,0.3158891519287007,0.22946664809915052,1.4,2.75,0.6626506024096386,0.3373493975903614,0.6626506024096386
1,2.19,3.79,3.24,0.4437025072898939,0.2563874646345297,0.29991002807557643,1.6,2.2,0.5789473684210525,0.42105263157894735,0.5789473684210525
2,3.91,2.99,2.28,0.24859515222678855,0.32508596829656966,0.4263188794766418,2.5,1.5,0.375,0.625,0.625
3,2.61,3.12,3.08,0.3725864234867166,0.31168287349369556,0.3157307030195877,1.72,2.0,0.5376344086021505,0.4623655913978494,0.5376344086021505
4,4.11,3.16,2.12,0.23588732394366196,0.3068028169014085,0.4573098591549296,2.75,1.4,0.3373493975903614,0.6626506024096386,0.6626506024096386
5,5.19,3.36,1.85,0.1869142016905271,0.2887156865398321,0.5243701117696409,3.5,1.28,0.2677824267782427,0.7322175732217574,0.7322175732217574
6,2.13,3.43,3.74,0.4565146991313261,0.2834916353206194,0.25999366554805464,1.5,2.5,0.625,0.375,0.625
7,4.69,3.1,2.02,0.20683869092446522,0.3129269227212071,0.4802343863543277,3.25,1.33,0.2903930131004367,0.7096069868995634,0.7096069868995634
8,4.05,3.12,2.16,0.23963133640553,0.3110599078341014,0.4493087557603687,2.62,1.44,0.35467980295566504,0.6453201970443351,0.6453201970443351
9,3.37,2.95,2.54,0.2882555021677829,0.3292952685781113,0.3824492292541057,2.2,1.61,0.4225721784776903,0.5774278215223098,0.5774278215223098
10,1.42,4.72,8.93,0.6849962458924213,0.20607937906085555,0.1089243750467232,1.11,6.5,0.8541392904073587,0.14586070959264125,0.8541392904073587
11,1.5,4.38,7.58,0.6492010230659127,0.22232911748832626,0.1284698594457611,1.14,5.5,0.8283132530120482,0.17168674698795178,0.8283132530120482
12,1.96,3.24,4.78,0.4962828137817884,0.3002204675963905,0.20349671862182117,1.36,3.0,0.6880733944954128,0.3119266055045872,0.6880733944954128
13,1.59,4.07,6.4,0.6100905720301767,0.2383400514810764,0.15156937648874702,1.22,4.0,0.7662835249042146,0.23371647509578544,0.7662835249042146
14,3.03,3.0,2.75,0.32135553607946254,0.32456909144025714,0.35407537248028054,1.9,1.8,0.48648648648648646,0.5135135135135135,0.5135135135135135
15,2.43,3.09,3.37,0.3988074037478313,0.3136252398405276,0.287567356411641,1.61,2.2,0.5774278215223098,0.4225721784776903,0.5774278215223098
